安记紫菜 塑料袋	12	0	0	0	0	12	0	4
孙鸿志	146	0	0	0	0	0	146	5
上海梦花街	16	0	0	0	0	2	14	5
迪士尼郑州	24	0	0	0	0	0	24	5
家居新闻	46	0	0	0	0	23	23	5
商河爆炸	6	0	0	0	0	0	6	5
琴音和玄	19	0	0	0	1	0	18	5
置换债券	28	0	0	2	2	16	8	5
武钢股份退市	37	0	0	0	0	11	26	5
男孩被藏獒咬断喉咙	22	0	0	0	0	0	22	5
外交女神	8	0	0	0	0	0	8	5
万科 董事会	9	0	0	0	0	9	0	4
甘肃大雪	11	0	0	0	1	4	6	5
苍井空电影 thunder	9	1	0	0	0	8	0	4
2017自然指数排名	18	0	0	0	0	1	17	5
印度女星被数男性侵2小时	32	0	0	0	0	0	32	5
西安落户新政	27	0	0	0	10	8	9	5
三星galaxy note 7	160	0	0	7	150	3	0	4
习近平 新闻工作	4	0	0	0	0	4	0	4
扬州男童高俊逸	9	0	0	0	0	0	9	5
郑爽官方后援会微博解散	14	2	0	0	0	0	12	5
上海上港亚冠集锦	55	1	0	0	0	0	54	5
范冰冰直播卫生纸	11	0	0	0	0	5	6	5
陕西一副局长被警方认定5次嫖娼	4421	5	0	0	0	0	4416	5
成都青城山索桥事故	4	0	0	0	0	0	4	5
雪景	4882	300	38	328	557	3528	131	5
北京新能源车停售	5	0	0	0	0	0	5	5
小伙结婚	5	0	0	0	0	1	4	5
安倍与特朗普握手	13	0	0	0	0	0	13	5
快递小哥雪天骑马送快递	17	0	0	0	0	12	5	5
李维嘉 暴瘦	23	0	1	0	13	9	0	4
宝莱坞当红女星	38	0	0	0	0	0	38	5
松果科技 小米	6	0	0	0	0	6	0	4
椰汁广告视频	35	0	0	0	0	0	35	5
顺丰 敲钟	4	0	0	0	0	4	0	4
越南 桥断	10	0	0	0	0	4	6	5
河南油画院被砸原因	21	0	0	0	0	0	21	5
8分音符怎么玩	24	0	0	0	0	4	20	5
防弹少年团 春日歌词分配	8	4	0	0	0	4	0	4
百联与阿里	5	0	0	0	0	0	5	5
2.22是什么意思	57	0	0	0	0	32	25	5
砍死面馆老板	12	0	0	0	0	0	12	5
四六级查阅入口	4	0	0	0	0	0	4	5
上海申花亚冠	92	3	0	0	0	0	89	5
太康板桥派出所打人	5	0	0	0	0	1	4	5
足球体育	6	0	0	0	0	1	5	5
女子胸前挂牌	6	0	0	0	0	0	6	5
看美女视频	27	0	0	2	16	3	6	5
婚姻法司法解释二24条	133	8	1	1	0	72	51	5
北方大雪	98	0	0	0	0	45	53	5
武汉砍头事件凶手	11	0	0	0	0	0	11	5
四六级分数线	648	45	19	1	37	92	454	5
男子撞上亲妈逃逸	8	0	0	0	0	0	8	5
72岁老汉做变性手术	56	0	0	0	0	0	56	5
章丘土拍	9	0	0	0	0	3	6	5
上海镇保	68	12	0	1	8	16	31	5
越南打中国游客	12	1	0	0	0	3	8	5
12.9寸ipad pro	12	0	0	0	8	4	0	4
袁姗姗	9817	157	0	0	1319	8334	7	5
教材惊现色情网址	7	0	0	0	0	0	7	5
徐家汇篮球公园	9	0	0	0	0	5	4	5
首尔fc门将	5	0	0	0	0	0	5	5
全明星三分大赛2017	56	1	0	0	0	49	6	5
朝鲜男子	22	2	0	0	0	0	20	5
日本魔性声控游戏	163	20	0	0	1	123	19	5
境外媒体关注中国与东盟商讨南海准则 日本小动作牵制	7	2	0	0	0	5	0	4
赵薇回母校	20	0	0	0	0	3	17	5
紫菜用黑塑料袋	11	0	0	0	0	7	4	5
大润发股票	63	0	0	0	0	8	55	5
百联阿里巴巴合作	4	0	0	0	0	0	4	5
第一万名小偷	32	0	0	0	0	26	6	5
迪丽热巴售楼小姐	191	1	0	0	0	8	182	5
潘玮柏戴的什么手表	76	0	0	0	0	0	76	5
黄海峰	50	0	0	0	0	11	39	5
哈瓦娜女星	7	0	0	0	0	0	7	5
千田爱纱	43	10	4	2	0	0	27	5
八个音符游戏	29	0	0	0	0	11	18	5
miui 8.2	211	3	46	55	58	40	9	5
武汉面馆杀人照片	7	0	0	0	0	0	7	5
不要停下来八分音符	884	0	0	0	4	0	880	5
2016年12月全国大学英语四六级考试成绩查询	551	21	25	0	0	0	505	5
亚冠韩国球迷	12	0	0	0	0	6	6	5
杨振宁加入中国院士	4	0	0	0	0	0	4	5
张佳宁和叶祖新	7	0	0	0	0	0	7	5
军衔 改革	31	0	0	0	0	31	0	4
华为发布会v9	8	0	0	0	0	0	8	5
四川推进军民融合	15	0	0	0	0	0	15	5
跑男 迪丽热巴	30	0	0	1	19	10	0	4
长沙 国家中心城市	8	0	0	4	0	4	0	4
房祖名国籍	36	0	0	0	0	20	16	5
郭佳妮 微交易	7	0	0	0	0	7	0	4
1月份70城市房价	4	0	0	0	0	0	4	5
wwdc2017	56	2	0	0	0	0	54	5
8分音符酱手机	249	3	0	0	0	0	246	5
国台办原副主任龚清概受贿案一审:受贿超5352万	10	0	0	0	0	0	10	5
全屋整装就选.金粉世家	106	0	0	6	90	0	10	5
维嘉怎么了	28	0	0	0	0	12	16	5
江苏两会	16	1	0	0	0	9	6	5
台湾禽流感	64	12	0	1	0	21	30	5
h7n9	34365	599	12	257	32303	1176	18	4
